#Example: East Coast
mild_winter = {
	141 142 143 144 145 146 147 148 149 150 151 152 153 154 155 156 157 158 159 160 241 242 243 244 245 246 247 248 249 250 251 252 253 254 255 256 257 258 259 260
}

#Example: Creole
normal_winter = {
	 1 2 3 4 5 6 7 8 9 10 11 12 13 14 15 16 17 18 19 20 21 22 23 24 25 26 27 28 29 30 31 32 33 34 35 36 37 38 39 40 41 42 43 44 45 46 47 48 49 50 51 52 53 54 55 56 57 58 59 60 121 122 123 124 125 126 127 128 129 130 131 132 133 134 135 136 137 138 139 140
}

#Example: Canada & Great lakes
severe_winter = { 
}